random matrix A:
    -0.999      -1.83     -0.705      -1.41      -1.93      -1.17      -1.42 
    -0.683     -0.456     -0.824     -0.369     -0.846      -1.93      -1.52 
     -0.58     -0.184     -0.018      -0.19     -0.919     -0.322       -1.4 
    -0.603     -0.996     -0.379      -1.55     -0.619     -0.445     -0.941 
     -1.74      -1.02     -0.525      -1.12      -1.19      -1.04   -0.00355 
    -0.641      -1.52      -1.32     -0.477      -1.03      -1.15      -1.21 
     -1.07      -0.79     -0.999     -0.397     -0.564      -1.77     -0.717 
random vector b:
     0.976      0.632      0.252      0.695      0.724      0.761      0.802 
solution x to system A*x=b:
    -0.272     -0.648      0.399    0.00951      0.404     -0.279     -0.189 
check: A*x (should be equal b):
     0.976      0.632      0.252      0.695      0.724      0.761      0.802 
test passed
A^-1*A=
         1   1.33e-15   1.55e-15   4.44e-16   6.66e-16   2.22e-15   2.22e-15 
         0          1   4.44e-16  -1.78e-15  -1.33e-15          0  -4.44e-16 
         0   8.88e-16          1   1.33e-15   1.78e-15          0  -4.44e-16 
         0          0   2.22e-16          1   5.55e-16          0          0 
         0          0          0   8.88e-16          1          0  -4.44e-16 
 -8.88e-16  -8.88e-16  -6.66e-16  -9.99e-16  -1.11e-15          1  -4.44e-16 
  1.11e-16   1.11e-16   2.22e-16          0  -3.33e-16   4.44e-16          1 
A*A^-1=
         1  -3.33e-16  -2.22e-16  -1.67e-16   3.33e-16  -5.27e-16  -6.66e-16 
 -3.12e-17          1  -4.44e-16   1.11e-16   5.55e-16   6.11e-16  -6.66e-16 
  4.44e-16          0          1   1.11e-16  -2.22e-16  -8.33e-17   8.88e-16 
  2.26e-16   9.99e-16  -8.88e-16          1   6.66e-16   1.39e-16   3.33e-16 
 -8.01e-17   1.55e-15  -6.18e-16   2.09e-16          1   6.52e-16  -9.98e-16 
 -2.71e-16          0  -4.44e-16          0   3.33e-16          1  -6.66e-16 
 -3.76e-16   3.89e-16   1.11e-16   1.11e-16   1.67e-16   6.52e-16          1 
