result=-4.0000002807059, ncalls=248
result= (-4.000000000000085, 1.354472090042691e-13)  ncalls= 315
