   |    1.000    0.725    0.428    0.383    0.149    0.544    0.543 |
   |    0.725    1.000    0.538    0.238    0.000    0.658    0.886 |
   |    0.428    0.538    1.000    0.159    0.679    0.340    0.755 |
A =|    0.383    0.238    0.159    1.000    0.359    0.321    0.102 |
   |    0.149    0.000    0.679    0.359    1.000    0.851    0.356 |
   |    0.544    0.658    0.340    0.321    0.851    1.000    0.663 |
   |    0.543    0.886    0.755    0.102    0.356    0.663    1.000 |
 
   |   -0.240    0.000    0.000    0.000    0.000    0.000    0.000 |
   |    0.000    0.026    0.000    0.000    0.000    0.000    0.000 |
   |    0.000    0.000    0.348    0.000    0.000    0.000    0.000 |
D =|    0.000    0.000    0.000    0.628    0.000    0.000    0.000 |
   |    0.000    0.000    0.000    0.000    1.021    0.000    0.000 |
   |    0.000    0.000    0.000    0.000    0.000    1.332    0.000 |
   |    0.000    0.000    0.000    0.000    0.000    0.000    3.884 |
 
         |    1.000    0.000    0.000    0.000    0.000    0.000    0.000 |
         |    0.000    1.000    0.000    0.000    0.000    0.000    0.000 |
         |    0.000    0.000    1.000    0.000    0.000    0.000    0.000 |
V^T V   =|    0.000    0.000    0.000    1.000    0.000    0.000    0.000 |
         |    0.000    0.000    0.000    0.000    1.000    0.000    0.000 |
         |    0.000    0.000    0.000    0.000    0.000    1.000    0.000 |
         |    0.000    0.000    0.000    0.000    0.000    0.000    1.000 |
V^T V   = 1 ? PASS
         |    1.000    0.000    0.000    0.000    0.000    0.000    0.000 |
         |    0.000    1.000    0.000    0.000    0.000    0.000    0.000 |
         |    0.000    0.000    1.000    0.000    0.000    0.000    0.000 |
V V^T   =|    0.000    0.000    0.000    1.000    0.000    0.000    0.000 |
         |    0.000    0.000    0.000    0.000    1.000    0.000    0.000 |
         |    0.000    0.000    0.000    0.000    0.000    1.000    0.000 |
         |    0.000    0.000    0.000    0.000    0.000    0.000    1.000 |
V V^T   = 1 ? PASS
         |    1.000    0.725    0.428    0.383    0.149    0.544    0.543 |
         |    0.725    1.000    0.538    0.238    0.000    0.658    0.886 |
         |    0.428    0.538    1.000    0.159    0.679    0.340    0.755 |
V D V^T =|    0.383    0.238    0.159    1.000    0.359    0.321    0.102 |
         |    0.149    0.000    0.679    0.359    1.000    0.851    0.356 |
         |    0.544    0.658    0.340    0.321    0.851    1.000    0.663 |
         |    0.543    0.886    0.755    0.102    0.356    0.663    1.000 |
V D V^T   = A ? PASS
         |   -0.240    0.000    0.000    0.000    0.000    0.000    0.000 |
         |    0.000    0.026    0.000    0.000    0.000    0.000    0.000 |
         |    0.000    0.000    0.348    0.000    0.000    0.000    0.000 |
V^T A V =|    0.000    0.000    0.000    0.628    0.000    0.000    0.000 |
         |    0.000    0.000    0.000    0.000    1.021    0.000    0.000 |
         |    0.000    0.000    0.000    0.000    0.000    1.332    0.000 |
         |    0.000    0.000    0.000    0.000    0.000    0.000    3.884 |
V^T A V   = D ? PASS
ALL PASSED
